Position:-0.178896,0.80435,0.205505
Orientation:0.0787667,0.138821,0.528807,0.833599