Position:-0.63148,0.285051,0.114461
Orientation:0.00520627,0.0103681,0.910665,0.412983