Position:-0.805428,-0.400583,0.00553875
Orientation:-0.0278591,-0.0384425,0.963879,-0.262073