Position:0.000194313,-0.000223059,-0.000204007
Orientation:0,0,0,1