Position:-0.291428,-0.419749,0.22445
Orientation:-0.0399324,-0.103593,-0.515193,0.849853