Position:-0.835982,-0.0671974,0.359586
Orientation:0.16155,-0.0266715,0.984521,0.0625259